1.000000e+00
5.590973e-01
2.229145e-01
1.163544e-01
7.029563e-02
4.552199e-02
3.011091e-02
2.165584e-02
2.450218e-02
9.739109e-03
7.430377e-03
6.367253e-03
8.877586e-03
3.677955e-03
2.633684e-03
1.002288e-03
5.929786e-04
3.288585e-04
2.144959e-04
2.186421e-04
1.372432e-04
9.724007e-05
4.861639e-05
3.209533e-05
3.596243e-05
2.609250e-05
1.049924e-05
5.570177e-06
5.570421e-06
4.411542e-06
4.918793e-06
2.593879e-06
2.110754e-06
1.154938e-06
1.849800e-06
6.836350e-07
3.219799e-07
2.453357e-07
1.295277e-07
1.008546e-07
1.071618e-07
1.832909e-07
2.344961e-06
2.303534e-07
2.969562e-07
4.744816e-09
3.837554e-09
1.918660e-09
3.123437e-09
9.105419e-10
